0.01028408008891671      3503.611244068598
0.013158955285832758      3500.1924802621934
0.016280915869438906      3497.242596269065
0.020600066063695428      3525.992981282163
0.02665574065167135      3490.420827398216
0.03153431888180236      3488.098267096871
0.039015832302996704      3485.158575836293
0.048272333897593805      3482.2213620818075
0.05775069001454197      3416.8603670026196
0.07065589768576522      3352.4286481078216
0.0864449563550538      3289.2119178147873
0.10576230327525306      3197.891841623731
0.1183021672287509      3110.2110709360304
0.13232883870347847      3052.6453433141323
0.14636934239735847      2969.078736466422
0.16743424272222465      2835.2311421928416
0.20484979001802686      2586.0541481649775
0.22531912369897172      2469.857072564884
0.2506263700194679      2233.1833514337554
0.30491930052513233      1946.17182485276
0.4149586921348289      1412.658996116638
0.5552972816139158      979.7616267361772
0.7266309105547142      655.2401063911958
0.9193982010218539      414.93107210448704
1.1123173475248693      262.80191902720986
1.3307227794492087      172.64021268536925
1.6837490832180595      101.63289113700306
1.8728633141425404      77.27505358343898
2.2280856085029237      48.0617970057861
2.492261874924218      35.881832253113494
2.7566986553255086      26.78973947994798

