0.024199 8166.456096 2106.931752
0.051261 2486.821705 622.595832
0.059433 5605.242929 1404.397891
0.071029 3332.938707 837.441700
0.080701 3405.714623 859.463830
0.090119 2985.848968 768.636454
0.099206 2783.686280 717.637862
0.103869 5047.441898 1302.640131
0.111076 3173.271003 807.467019
0.117281 3490.671652 885.570594
0.123391 3421.321825 860.527237
0.132215 2218.608106 559.568482
0.139044 2745.701350 686.885127
0.142299 5248.231202 1350.547228
0.147114 3585.745415 905.077029
0.153403 2628.064398 665.302358
0.156530 5043.932487 1286.975218
0.161119 3296.942254 848.482705
0.167374 2467.589886 618.299609
0.171259 3636.813539 938.053552
0.175520 3256.053185 837.487673
0.180982 2613.161406 653.579094
0.183342 5858.348985 1472.671821
0.188939 2410.735214 606.874353
0.192873 3331.551835 840.278777
0.197380 2757.600455 706.431377
0.201597 3009.013434 754.443027
0.205725 2857.099149 735.500397
0.209140 3409.474198 875.137886
0.213014 2970.923507 760.506804
0.217739 2355.683630 606.944520
0.223125 2138.641092 535.453483
0.228085 2293.011954 571.071395
0.232993 2194.667671 555.592411
0.236758 2871.949342 718.916857
0.241218 2253.570900 580.086185
0.244143 3415.153722 875.150215
0.248154 2419.449431 624.494014
0.251692 2717.173732 699.295057
0.255523 2611.908066 654.169871
0.260074 2134.735134 538.093888
0.266562 1485.594715 372.020527
0.269750 2795.713249 721.483448
0.273831 2179.689803 559.285762
0.276832 2904.824927 748.008976
0.279511 3357.265705 846.735504
0.283345 2325.079540 585.591672
0.289074 1546.895413 387.509894
0.293403 1987.834186 500.898740
0.297632 2007.929525 505.673409
0.299852 3806.819525 955.827853
0.302445 3125.538274 798.128503
0.305358 2705.710020 697.504123
0.308249 2699.135499 695.925013
0.311096 2774.461122 707.732060
0.314035 2779.118199 693.862656
0.319065 1587.863326 398.389782
0.322416 2346.331137 589.411432
0.325365 2539.464864 650.559748
0.328619 2385.608061 597.360397
0.331617 2440.436587 626.467701
0.334426 2665.213781 673.364719
0.338335 1851.876623 473.433755
0.342467 1808.793143 452.414577
0.345251 2648.305188 663.478527
0.349977 1534.619007 385.600737
0.352473 2906.385633 726.302351
0.356473 1785.356972 447.710277
0.360324 1825.779895 458.791761
0.363589 2130.998969 535.727404
0.368316 1443.625905 364.467827
0.371208 2279.904175 582.521315
0.375342 1633.598977 410.436462
0.381151 1088.792157 280.829573
0.385190 1618.761750 408.010491
0.388948 1727.904489 434.818022
0.391982 2038.216198 523.267782
0.397937 1066.071903 268.600918
0.401783 1644.660459 412.573927
0.405602 1636.038983 410.925157
0.410026 1384.904000 349.557260
0.414735 1296.712638 325.983473
0.417462 2104.892329 543.397564
0.420756 1821.060492 458.179196
0.425744 1204.731336 301.351206
0.428771 1957.107225 490.791779
0.432354 1643.479508 411.785578
0.435556 1743.690175 446.859737
0.439924 1323.273092 331.903498
0.445693 988.686251 248.170263
0.449252 1514.463582 389.058747
0.453041 1405.373977 361.747674
0.457234 1326.957689 332.641305
0.461298 1334.296242 337.308096
0.463818 2070.585301 531.684883
0.467699 1384.031312 349.124228
0.472857 991.404697 255.029133
0.476226 1518.401856 388.801674
0.479415 1629.643766 412.566207
0.482452 1722.029995 433.155220
0.485368 1791.947538 449.568352
0.489511 1197.750881 307.270116
0.494634 1003.582177 251.713480
0.497908 1470.668514 379.512574
0.501876 1259.871016 317.973890
0.505423 1400.490940 353.182057
0.509721 1102.964832 283.678636
0.514729 985.060783 247.223723
0.518413 1309.820538 330.951066
0.522005 1342.559164 338.172466
0.525671 1257.700078 322.836677
0.529838 1118.436032 284.527198
0.533776 1156.349020 296.427254
0.536756 1589.401728 398.239439
0.540420 1287.722005 322.246164
0.546210 795.759795 200.647597
0.551343 891.589688 224.456628
0.553564 1969.994009 505.490497
0.558197 931.474172 239.930524
0.561001 1580.578815 400.369100
0.564328 1349.556789 338.716755
0.566863 1777.026429 444.146325
0.571067 1049.510303 264.251833
0.574551 1268.585507 318.108671
0.579150 915.663647 234.366652
0.582890 1133.208379 288.091611
0.585103 1871.880893 480.090370
0.590200 801.267749 206.345334
0.595257 802.165673 206.390197
0.597560 1810.873928 458.029643
0.602337 864.335094 219.077036
0.608099 692.438858 177.779925
0.612091 1033.728504 259.894439
0.616573 922.529375 230.928932
0.620580 975.513768 250.279176
0.623207 1535.008711 386.680008
0.630180 578.815552 145.192109
0.634654 850.484146 218.737023
0.638772 922.144745 236.561865
0.642946 940.133474 236.513347
0.645454 1528.171765 388.038183
0.649777 904.077565 226.708342
0.653578 967.390652 249.297690
0.657384 968.198093 248.516614
0.661824 863.695539 216.649435
0.665758 972.948263 243.532235
0.670738 724.858565 186.180541
0.673507 1341.890692 338.784255
0.678335 735.877133 189.442069
0.682509 841.905060 217.193444
0.687442 707.378740 182.542230
0.691951 804.812782 202.947719
0.696936 694.996517 178.756200
0.700962 864.797599 221.144484
0.704956 851.919543 219.756912
0.709834 724.281673 182.774494
0.715398 630.312169 159.069513
0.719787 800.659735 201.138273
0.723310 993.012681 249.334837
0.727687 776.120523 197.226324
0.735750 431.968459 107.949079
0.741832 531.705606 137.239242
0.745669 893.815467 223.258670
0.749334 886.848394 226.978563
0.753414 820.841047 206.429331
0.756913 963.531402 240.926904
0.759749 1120.092916 287.886140
0.764277 694.017508 178.934770
0.770551 524.785989 131.705358
0.775612 613.289002 157.946782
0.780925 581.500075 149.603822
0.785776 663.501264 166.694691
0.791261 553.918157 142.772705
0.796681 557.654552 143.622022
0.800907 708.522174 182.767098
0.805237 723.458211 181.969785
0.809064 794.432737 202.314925
0.817846 338.058215 86.783439
0.822369 648.945035 166.867583
0.827230 603.061566 154.713815
0.832732 555.059645 139.084570
0.837268 632.118940 162.978097
0.844070 438.959624 110.533227
0.850672 432.058556 110.872703
0.853676 981.204983 246.982942
0.858814 554.026891 141.571184
0.863505 623.899797 156.783651
0.867672 700.698050 175.830674
0.873948 465.258622 116.399866
0.876192 1219.280128 314.412335
0.880674 610.567958 157.088113
0.888462 368.835084 92.310325
0.893031 620.147173 155.740697
0.898078 556.147932 139.929294
0.903109 535.507841 137.154617
0.909584 432.770036 108.333443
0.918010 328.865765 82.449165
0.923059 518.997790 133.320866
0.930703 354.101748 89.186312
0.936145 497.396420 124.834753
0.943483 350.490020 89.937343
0.949623 416.602452 106.813042
0.954019 572.938737 147.619657
0.962642 291.479447 74.924178
0.967303 562.675164 141.113782
0.973162 444.627105 111.570954
0.979315 399.063178 102.823590
0.983263 652.019764 163.675048
0.989489 393.996681 101.047479
0.999379 258.018545 64.618074
1.012170 185.851779 47.950181
1.019676 314.177124 80.976451
1.025498 401.307113 103.579159
1.031762 393.217329 98.547229
1.039175 331.451783 82.901141
1.047111 302.602173 76.273795
1.056680 251.415381 63.051449
1.063975 328.345527 82.195135
1.071900 282.062429 72.826029
1.081208 251.872742 63.251827
1.087579 349.672841 89.752469
1.098234 217.620577 54.535398
1.104638 358.326791 89.918214
1.113902 244.152616 61.493859
1.118882 450.635218 113.576741
1.129046 223.043393 55.743696
1.135561 333.440375 84.819060
1.141638 345.564172 89.150514
1.155619 158.148984 39.590668
1.161816 332.881384 85.895808
1.170420 251.040535 63.103969
1.181008 194.806559 49.905482
1.188161 284.051351 73.045654
1.199793 173.131346 44.541418
1.208877 227.501861 57.529348
1.215968 284.384567 72.559465
1.223768 265.629836 66.655832
1.229018 392.307546 98.477736
1.236411 269.295004 68.578860
1.245308 229.454872 57.513280
1.252808 268.866456 67.584593
1.262212 203.983689 52.395914
1.270435 234.280336 59.838793
1.275272 402.622671 102.029072
1.287433 154.902370 39.774741
1.296453 213.487246 53.998870
1.306067 202.096247 50.703892
1.315425 204.182561 51.472800
1.325135 187.641004 48.264802
1.333352 229.497627 57.828025
1.340500 265.419036 66.484661
1.353868 139.915551 35.164203
1.361761 233.300554 58.860788
1.371444 183.733574 47.009332
1.381596 172.116389 44.273309
1.392304 170.134694 42.700189
1.400585 217.436623 54.703236
1.407987 240.960540 60.743722
1.414506 261.659062 67.279207
1.430095 113.267341 28.513748
1.438485 201.092784 51.572961
1.447813 185.737483 46.858964
1.455189 223.624811 57.659141
1.466642 152.184836 38.046865
1.478760 141.752532 35.555067
1.489220 156.115950 40.008612
1.504655 104.216428 26.792916
1.519512 112.850660 28.275776
1.530685 142.017227 36.420056
1.548096 91.639994 23.327420
1.559724 139.895462 35.103574
1.569443 166.982298 41.806212
1.578972 159.657297 41.155927
1.589542 151.912880 37.998757
1.607995 81.404360 20.955518
1.617932 157.571477 39.556965
1.631542 108.933437 28.000924
1.639976 177.663724 45.271373
1.651790 123.961640 31.853846
